# Created by Octave 6.4.0, Sun Apr 03 23:38:51 2022 GMT <unknown@DESKTOP-1P8FPHO>
# name: a
# type: scalar
3.1415926535897931


# name: ans
# type: scalar
0


